0 12240
1 3372
2 348
3 4835
4 367
5 471
6 2749
7 298
8 339
9 381
10 1437
11 230
12 271
13 253
14 202
15 1213
16 199
17 186
18 204
19 217
20 195
21 325
22 138
23 156
24 121
25 144
26 141
27 112
28 137
29 112
30 108
31 121
32 94
33 97
34 91
35 90
36 78
37 68
38 73
39 64
40 63
41 56
42 56
43 47
44 51
45 49
46 48
47 42
48 59
49 38
50 46
51 38
52 44
53 44
54 54
55 38
56 42
57 43
58 31
59 29
60 30
61 38
62 29
63 29
64 35
65 33
66 23
67 32
68 20
69 31
70 15
71 27
72 22
73 24
74 20
75 25
76 14
77 21
78 19
79 24
80 18
81 18
82 21
83 31
84 18
85 21
86 26
87 19
88 17
89 19
90 20
91 14
92 14
93 14
94 13
95 13
96 19
97 17
98 14
99 12
100 13
101 13
102 12
103 15
104 14
105 9
106 17
107 15
108 17
109 16
110 19
111 9
112 15
113 11
114 10
115 12
116 18
117 14
118 13
119 6
120 16
121 11
122 17
123 13
124 8
125 11
126 7
127 9
128 9
129 11
130 10
131 11
132 16
133 8
134 11
135 4
136 11
4233 1
138 15
139 8
140 12
141 8
142 9
143 5
144 6
145 11
2194 1
147 1
148 6
149 8
150 3
151 13
152 7
153 7
154 8
155 8
156 7
157 9
158 5
159 11
160 10
161 6
162 6
163 10
164 2
165 9
166 10
167 7
168 5
169 8
170 9
171 9
172 8
173 8
174 5
2223 1
176 6
177 6
178 3
179 11
180 11
181 5
182 12
183 8
184 8
185 4
186 7
187 7
188 8
189 6
190 7
191 1
192 6
193 7
194 8
195 4
196 3
197 4
198 5
199 3
200 6
201 6
202 4
203 6
204 5
205 7
206 6
207 4
208 6
1400 1
210 7
211 2
212 7
213 2
214 5
215 6
216 3
217 2
218 9
219 4
220 4
221 2
222 3
1061 1
224 2
225 10
2274 1
227 1
228 1
229 4
230 2
231 6
232 1
234 1
235 6
236 6
237 4
238 4
239 5
240 2
241 3
242 5
243 3
244 5
245 6
246 5
247 4
248 4
249 6
250 3
251 4
252 3
253 5
254 8
2303 1
256 4
257 4
258 4
259 7
260 4
261 3
262 1
263 7
264 4
265 6
266 5
267 5
268 3
269 4
270 3
271 5
272 5
273 3
274 5
275 2
276 8
2094 1
278 2
279 2
280 6
281 2
282 8
283 4
284 4
285 6
286 3
287 1
288 6
289 2
290 6
291 3
292 5
293 5
294 3
295 3
296 4
297 2
298 3
299 6
300 4
301 3
302 3
303 2
304 2
305 5
306 4
307 5
308 3
309 1
310 3
311 4
312 4
313 8
314 2
315 2
316 5
317 2
318 3
319 1
320 3
321 1
322 1
323 4
9217 1
488 1
326 4
327 3
328 3
330 3
331 3
332 3
334 2
335 4
336 2
337 4
338 4
339 2
341 2
342 3
344 1
345 2
346 3
4443 1
348 2
349 3
350 5
351 3
352 4
353 3
354 3
2107 1
356 1
357 1
358 7
359 2
360 1
361 1
362 3
2411 1
364 3
365 2
366 2
367 1
368 2
369 1
370 1
371 3
372 2
373 3
374 3
375 3
376 3
377 1
378 1
379 1
10621 1
382 1
2431 1
384 1
385 4
386 1
387 2
388 3
2454 1
390 5
392 2
2796 1
394 2
395 2
396 3
397 1
398 1
399 1
400 2
402 2
403 4
404 3
405 1
406 3
407 5
408 6
409 5
410 3
411 4
412 1
2253 1
1093 2
417 3
418 3
419 2
420 2
421 3
422 1
753 1
424 4
425 1
426 1
427 4
429 2
430 5
431 1
3083 1
433 3
435 2
436 3
437 1
438 2
440 4
2489 1
442 1
415 1
447 1
448 2
449 2
450 3
451 4
452 1
453 1
455 2
457 4
458 2
459 2
460 3
461 2
462 2
4173 1
464 1
465 3
466 1
467 2
4564 1
8662 1
8199 1
473 1
474 1
475 1
476 1
477 1
481 2
2530 2
483 2
484 1
485 1
486 3
487 2
2536 1
489 1
490 2
491 2
492 2
493 1
494 2
495 1
496 2
497 3
498 2
2547 1
501 2
502 1
2049 1
504 1
506 1
507 4
2556 1
4605 1
6654 1
6655 1
512 2
513 2
514 1
516 6
517 3
518 2
2567 1
520 1
522 2
523 2
524 2
525 1
527 2
528 1
529 2
530 1
531 1
532 1
533 1
10775 1
536 2
537 2
538 2
540 3
541 1
542 2
543 1
544 2
546 2
547 1
548 3
550 2
551 1
552 1
554 1
555 2
556 1
557 3
560 1
776 2
562 5
563 5
564 3
566 1
6711 1
571 5
572 2
573 1
574 1
575 2
576 3
578 3
579 3
581 2
582 1
583 3
584 3
585 2
586 1
587 2
8780 1
589 4
590 2
591 1
2642 1
597 1
598 1
599 3
2648 1
4697 1
602 3
603 2
604 3
607 2
2657 1
610 1
611 1
612 1
2661 1
7590 1
2665 1
618 2
619 1
4256 1
622 2
623 2
625 1
2674 1
4723 1
628 1
629 2
631 2
633 2
634 1
635 2
637 1
638 1
639 2
641 1
642 2
644 1
650 1
654 3
655 2
657 1
4755 1
660 2
662 1
664 2
3159 1
4763 1
670 1
671 3
673 1
674 3
675 2
676 1
678 2
680 3
682 3
683 1
684 2
686 2
687 1
4785 1
690 2
209 1
2741 1
695 1
696 2
697 2
698 2
699 2
703 2
705 2
708 3
2757 1
710 1
711 1
714 2
715 2
716 1
719 2
720 1
722 1
726 2
727 1
729 3
730 1
1051 1
732 1
2781 1
735 1
737 1
738 1
739 1
740 1
742 1
743 1
744 1
745 1
747 1
748 2
749 2
750 1
751 1
775 3
2856 1
756 1
757 1
758 1
759 2
760 2
761 1
762 1
763 1
764 3
765 2
766 3
767 1
768 1
769 2
774 1
6273 1
13064 1
779 1
4877 1
2831 1
4881 1
787 2
788 2
791 1
793 3
795 2
799 1
800 1
801 1
803 1
804 1
2854 1
808 2
809 1
815 1
816 1
817 1
819 1
2869 1
137 9
824 1
826 1
2877 1
821 1
832 2
834 1
1163 1
837 2
838 1
839 1
840 1
842 2
843 2
2892 1
845 1
846 3
848 3
849 1
851 1
852 1
853 3
856 1
861 2
865 1
866 1
2915 1
868 2
872 1
146 4
878 1
879 1
880 1
881 1
4979 1
884 3
886 1
1411 1
891 1
2940 1
895 1
897 1
900 1
901 1
902 1
904 3
2485 1
2955 1
909 2
910 2
913 1
914 2
5012 1
917 2
918 1
920 1
924 1
925 1
928 2
931 2
932 1
937 1
938 1
939 1
940 1
941 1
944 1
947 1
948 1
2997 1
7874 1
2393 1
954 1
958 1
959 1
960 1
441 1
962 2
2146 1
968 1
503 2
3023 1
977 1
979 1
980 1
982 1
3031 1
984 1
510 1
987 1
988 1
989 1
991 1
783 1
1531 1
996 1
413 1
998 1
508 2
1004 1
1005 1
1006 2
509 2
1008 1
5105 1
1010 1
3061 1
1016 1
5115 1
1125 1
1024 1
11265 1
1026 1
6417 1
1029 1
2080 1
3081 1
1035 1
1039 1
1041 1
1043 1
1044 1
1048 1
175 4
1052 1
1053 1
1054 1
1056 2
2224 1
3109 1
1062 1
1066 3
1071 1
1072 1
1074 1
1075 2
1081 1
1082 1
1083 1
1085 1
689 1
1087 1
1089 2
3138 1
1092 2
2230 1
3142 1
4167 1
1096 2
1097 1
1098 1
1099 1
1100 2
1102 1
1106 1
1107 1
1108 1
1109 2
1111 2
1112 1
13401 1
1115 1
1117 1
1118 1
1121 1
1122 3
1124 2
3942 1
5222 1
1129 1
1131 1
1132 2
1134 1
1137 1
1141 1
3192 1
3193 1
1146 1
3196 1
1151 2
5248 1
1154 2
3206 1
3210 1
535 3
1164 1
785 1
877 1
1169 1
2243 1
1173 1
1174 1
11415 1
1403 1
2586 1
1182 1
2245 1
2928 1
1186 2
1187 1
1193 1
1194 1
1200 1
1201 1
1202 1
1203 1
2836 1
1207 2
1208 1
1210 1
1212 1
1215 2
1218 2
1219 2
1224 1
1228 1
5325 1
1229 1
1232 1
1240 1
3290 1
1243 1
890 1
1246 1
1251 1
1255 1
1256 1
3305 1
1258 1
1264 1
383 1
1271 1
1272 1
1274 1
2261 1
1280 1
1283 2
363 2
3337 1
1295 1
1296 1
3345 1
1299 1
1300 1
3350 1
15642 1
3357 1
615 2
1315 1
1316 1
561 1
1320 1
3374 1
892 1
1335 1
223 1
1340 1
1350 1
567 1
226 7
17744 1
1361 1
1363 2
1365 1
4919 1
1372 1
1375 1
13671 1
1384 1
1385 1
1388 1
5010 1
3439 1
1393 1
1394 1
1001 1
3448 1
1402 1
7547 1
2283 1
3461 1
3463 1
1419 1
1420 1
1422 1
2285 1
1426 1
3476 1
1431 2
3484 1
1947 1
1444 1
1446 1
2289 1
1452 4
1454 2
4140 1
423 2
2632 1
1458 1
1463 1
3512 1
6379 1
867 1
1470 1
1475 1
1477 1
731 1
13767 1
1482 1
5580 1
1487 1
1488 2
1489 1
4686 1
3542 1
3543 1
1514 1
1517 1
255 3
1521 1
3147 1
1529 1
752 3
3581 1
1534 1
733 1
2097 1
1542 1
8450 1
2056 1
5658 1
3612 1
1565 1
2848 1
393 2
1574 2
1587 1
1593 1
1596 1
1602 1
1605 1
1606 1
1607 1
1612 1
2457 1
463 1
1626 1
1633 1
1636 1
3686 1
1639 2
1641 1
7783 1
1644 2
1649 1
5746 1
1654 1
1657 1
1659 1
277 1
1664 1
2715 1
3717 1
2275 1
961 1
1672 1
1678 1
3730 1
3735 1
1689 1
2330 1
1703 1
1707 1
626 1
1710 1
1711 1
2512 1
11957 1
347 1
1719 1
1720 1
1721 2
1728 2
2336 1
1730 1
971 1
3783 1
3785 1
1741 2
1742 1
1754 1
1756 1
1757 1
1761 1
1769 1
1770 1
468 2
4267 1
1782 1
2345 1
3834 1
1794 2
3844 1
3847 1
1804 1
1808 1
1814 1
4493 1
2351 1
1820 1
1669 1
3299 1
1840 1
2448 1
3895 1
1852 1
1853 1
3903 1
992 1
3907 1
1864 1
1865 1
1868 1
1871 1
1872 1
1879 1
1881 1
1883 1
1887 1
1894 1
1896 1
2364 1
3949 1
1902 1
1905 1
1906 1
355 1
6007 1
1913 2
1914 1
1923 1
8068 1
4506 1
3474 1
3984 1
4838 1
1938 1
381 1
3054 2
1943 1
324 6
883 1
667 1
6052 1
1962 1
2793 1
1967 1
1969 1
1971 1
1972 2
4023 1
1979 2
4036 1
4770 1
2550 1
2005 1
2006 1
4063 1
2726 1
2026 1
2029 1
4078 1
2036 1
2041 1
2042 1
2044 1
